hour loc0 loc1 reactive hysteresis
0 399.7 347.1 347.1 347.1
1 355.7 305.4 305.4 305.4
2 320.9 301.2 301.2 301.2
3 328.7 308.2 308.2 308.2
4 310.2 281.2 281.2 281.2
5 322.0 317.4 317.4 317.4
6 308.1 299.4 299.4 299.4
7 305.6 278.9 278.9 278.9
8 272.7 272.7 272.7 272.7
9 266.2 259.6 259.6 259.6
10 237.1 231.9 237.1 231.9
11 249.7 238.4 238.4 238.4
12 244.0 284.4 244.0 284.4
13 264.7 350.7 264.7 350.7
14 291.3 349.7 291.3 349.7
15 331.5 395.9 331.5 395.9
16 354.8 418.1 354.8 418.1
17 366.5 444.6 366.5 444.6
18 466.1 506.7 466.1 506.7
19 535.2 548.1 535.2 548.1
20 540.0 534.1 534.1 534.1
21 480.8 472.9 472.9 472.9
22 482.7 412.2 412.2 412.2
23 428.2 391.7 391.7 391.7
24 440.0 381.4 381.4 381.4
25 404.7 374.0 374.0 374.0
26 377.4 372.8 372.8 372.8
27 409.4 376.1 376.1 376.1
28 425.4 289.1 289.1 289.1
29 414.5 298.7 298.7 298.7
30 386.1 265.6 265.6 265.6
31 340.0 288.0 288.0 288.0
32 348.6 281.5 281.5 281.5
33 334.0 286.8 286.8 286.8
34 327.9 271.0 271.0 271.0
35 281.1 281.2 281.1 281.2
36 269.7 250.1 250.1 250.1
37 246.3 290.5 246.3 290.5
38 271.5 300.8 271.5 300.8
39 294.6 261.5 261.5 261.5
40 277.8 310.0 277.8 310.0
41 303.6 379.7 303.6 379.7
42 306.7 370.4 306.7 370.4
43 271.8 425.4 271.8 425.4
44 296.7 395.5 296.7 395.5
45 354.5 324.3 324.3 324.3
46 335.0 312.1 312.1 312.1
47 348.3 314.5 314.5 314.5
48 338.2 308.4 308.4 308.4
49 316.5 299.2 299.2 299.2
50 362.5 293.3 293.3 293.3
51 312.9 285.1 285.1 285.1
52 317.5 268.4 268.4 268.4
53 276.4 247.7 247.7 247.7
54 250.1 238.9 238.9 238.9
55 268.0 232.8 232.8 232.8
56 240.6 220.9 220.9 220.9
57 239.8 200.7 200.7 200.7
58 233.9 196.5 196.5 196.5
59 248.5 207.2 207.2 207.2
60 248.7 226.2 226.2 226.2
61 279.1 241.9 241.9 241.9
62 280.6 258.1 258.1 258.1
63 305.5 292.4 292.4 292.4
64 322.9 336.2 322.9 336.2
65 319.1 377.1 319.1 377.1
66 308.7 343.2 308.7 343.2
67 316.1 347.7 316.1 347.7
68 269.6 370.6 269.6 370.6
69 335.9 382.0 335.9 382.0
70 361.7 392.9 361.7 392.9
71 367.3 386.7 367.3 386.7
72 407.9 343.2 343.2 343.2
73 324.2 360.2 324.2 360.2
74 330.3 303.7 303.7 303.7
75 278.8 312.8 278.8 312.8
76 278.8 296.5 278.8 296.5
77 271.3 252.6 252.6 252.6
78 235.9 240.7 235.9 240.7
79 253.2 265.4 253.2 265.4
80 271.0 243.0 243.0 243.0
81 273.1 216.8 216.8 216.8
82 278.5 214.9 214.9 214.9
83 289.6 209.0 209.0 209.0
84 271.7 201.2 201.2 201.2
85 289.6 226.6 226.6 226.6
86 330.6 263.3 263.3 263.3
87 363.8 272.9 272.9 272.9
88 440.5 308.6 308.6 308.6
89 469.2 320.6 320.6 320.6
90 453.4 338.5 338.5 338.5
91 485.5 359.6 359.6 359.6
92 505.4 406.8 406.8 406.8
93 473.5 415.2 415.2 415.2
94 480.4 370.3 370.3 370.3
95 489.3 372.6 372.6 372.6
96 439.5 349.1 349.1 349.1
97 441.5 319.6 319.6 319.6
98 447.3 284.2 284.2 284.2
99 377.8 271.8 271.8 271.8
100 356.1 260.4 260.4 260.4
101 361.6 244.8 244.8 244.8
102 350.7 216.1 216.1 216.1
103 365.4 190.9 190.9 190.9
104 332.2 191.2 191.2 191.2
105 290.5 195.3 195.3 195.3
106 293.3 238.4 238.4 238.4
107 255.7 241.5 241.5 241.5
108 276.4 274.8 276.4 274.8
109 332.8 318.8 318.8 318.8
110 365.2 334.1 334.1 334.1
111 375.7 355.7 355.7 355.7
112 381.1 362.9 362.9 362.9
113 404.4 441.0 404.4 441.0
114 503.0 402.9 402.9 402.9
115 549.4 415.2 415.2 415.2
116 531.4 459.0 459.0 459.0
117 499.7 440.6 440.6 440.6
118 488.6 404.3 404.3 404.3
119 539.6 394.1 394.1 394.1
120 463.9 389.9 389.9 389.9
121 411.1 383.4 383.4 383.4
122 370.7 366.3 366.3 366.3
123 349.1 363.4 349.1 363.4
124 341.2 366.5 341.2 366.5
125 382.2 314.8 314.8 314.8
126 386.7 293.8 293.8 293.8
127 328.4 309.2 309.2 309.2
128 280.1 303.8 280.1 303.8
129 270.0 297.6 270.0 297.6
130 272.9 308.7 272.9 308.7
131 289.3 333.6 289.3 333.6
132 286.5 316.2 286.5 316.2
133 298.9 298.0 298.9 298.0
134 293.0 288.1 288.1 288.1
135 293.6 359.0 293.6 359.0
136 318.7 348.1 318.7 348.1
137 373.7 361.7 361.7 361.7
138 358.2 374.7 358.2 374.7
139 414.0 423.7 414.0 414.0
140 407.2 364.1 407.2 407.2
141 377.5 359.7 377.5 377.5
142 395.6 388.5 395.6 395.6
143 375.9 408.1 375.9 375.9
144 368.6 398.5 368.6 368.6
145 347.9 366.0 347.9 347.9
146 328.2 395.3 328.2 328.2
147 309.7 320.6 309.7 309.7
148 311.2 328.3 311.2 311.2
149 281.8 324.5 281.8 281.8
150 307.9 326.3 307.9 307.9
151 327.9 323.8 323.8 327.9
152 330.9 309.6 309.6 330.9
153 330.2 320.0 320.0 330.2
154 331.6 284.8 284.8 331.6
155 369.5 260.2 260.2 369.5
156 403.4 274.3 274.3 403.4
157 424.0 290.5 290.5 424.0
158 454.4 312.9 312.9 454.4
159 536.7 378.4 378.4 536.7
160 628.9 379.2 379.2 628.9
161 715.3 422.7 422.7 715.3
162 703.2 451.2 451.2 703.2
163 784.8 557.3 557.3 784.8
164 725.2 478.7 478.7 725.2
165 731.1 441.8 441.8 731.1
166 711.0 409.0 409.0 711.0
167 650.4 434.5 434.5 650.4
